[
	[ "Ch1" "Ch2" "Ch3" "Ch4" "Ch5" "Ch6" "Ch7" "Ch8" "Ch9" "Ch10" "Ch11" "Ch12" "Ch13" "Ch14" "Ch15" "Ch16" "Ch17" "Ch18" "Ch19" "Ch20" "Ch21" "Ch22" "Ch23" "Ch24" "Ch25" "Ch26" "Ch27" "Ch28" "Ch29" "Ch30" "Ch31" "Ch32" "Ch33" "Ch34" "Ch35" "Ch36" "Ch37" "Ch38" "Ch39" "Ch40" "Ch41" "Ch42" "Ch43" "Ch44" "Ch45" "Ch46" "Ch47" "Ch48" "Ch49" "Ch50" "Ch51" "Ch52" "Ch53" "Ch54" "Ch55" "Ch56" "Ch57" "Ch58" "Ch59" "Ch60" "Ch61" "Ch62" "Ch63" "Ch64" "IT1" "IT2" "IP1" "IPz" "IP2" "M'1" "M'2" "TP7" "TP8" "Nez" "F3z" "F4z" "AF3" "AF4" "FC5" "FC6" ]
	["x" "y" "z" ]
]
[
	[-0.3212309523655002  0.9108320674667347  0.25922117991519794 ]
]
[
	[0.034944429263966646  0.7012182138969307  0.712089814112387 ]
]
[
	[-0.3926447753127413  0.6268386656877466  0.672980956356428 ]
]
[
	[-0.7560830722055325  0.4679416574930581  0.45756856656340905 ]
]
[
	[-0.7564321439364845  0.6516333744390674  -0.05643010665245532 ]
]
[
	[-0.6325189930306475  0.3033801505033875  0.7126571459938065 ]
]
[
	[-0.19246283039964193  0.44373374786584113  0.875247633484086 ]
]
[
	[-0.3587061226459654  0.15575397430680077  0.9203643936310955 ]
]
[
	[-0.7486739234245527  -0.1193538138792765  0.6521058376495017 ]
]
[
	[-0.006958449895002022  0.9741829853002832  0.22565258945220845]
]
[
	[-0.47275247142874716  -0.1963741035165565  0.8590356873995867  ]
]
[
	[-0.10392461436438578  0.022796367021865268  0.9943238909831232]
]
[
	[0.15703082472005586  -0.19185620923458438  0.9687788783132478]
]
[
	[-0.19096930321404088  -0.26984792845462297  0.9437758318259122]
]
[
	[-0.44764692179163956  -0.5004591990816645  0.7410484622917779]
]
[
	[-0.04084266258269726  -0.6140730146205535  0.7881917340520525]
]
[
	[0.1720055623966638  -0.6048392317063014  0.7775497349324597]
]
[
	[0.3720959799873626  -0.5658959695641139  0.7357352331568306]
]
[
	[0.4935578414958038  -0.19179013949429333  0.8483025400709128]
]
[
	[0.7067814600519352  -0.3665943397192455  0.6050359971213819]
]
[
	[0.698241999578678  -0.05052074942955878  0.7140768613401817]
]
[
	[0.3412474700859467  0.06174954220602845  0.9379430463505164]
]
[
	[0.1090874128277396  0.27749110638056257  0.9545148622427215]
]
[
	[0.5595292851331211  0.24368972813034614  0.7921756721095241]
]
[
	[0.886704030439299  0.04085337941291011  0.46052900429098664]
]
[
	[0.8005450976503233  0.5986982567897717  -0.026228685535551903]
]
[
	[ 0.7292169933503321  0.4052155390950262  0.5514008918065231]
]
[
	[0.29707527987155224  0.47841651770877763  0.8263558033151613]
]
[
	[0.42644913345115776  0.6873261601646501  0.5879828961220509]
]
[
	[0.7750385212007347  0.5484133333559629  0.3139396541572596]
]
[
	[0.2938438188534954  0.931960098739964  0.2123821661020313]
]
[
	[-0.6011645347193696  0.7253180799331526  0.33543238531443087]
]
[
	[-0.30040280640625633  0.8146058083629113  0.4961607913616846]
]
[
	[0.012802312226735054  0.8731176938633307  0.48734135209771434]
]
[
	[-0.19573929229122805  0.645540196617601  0.7382167594983458]
]
[
	[-0.5734555247605796  0.5744241996334859  0.5841109483625497]
]
[
	[-0.8126367074807082  0.16115580274933874  0.5600449882778439]
]
[
	[-0.4018931631600407  0.38456306782870425  0.8310193332693243]
]
[
	[0.044750146739161535  0.4850338485276863  0.8733496379739589]
]
[
	[-0.1382892664026942  0.24290187207519862  0.9601430931586022]
]
[
	[-0.5658950772251857  0.03246219822842151  0.8238379496348052]
]
[
	[-0.6245883875201473  -0.3569076500115127  0.6946267166890732]
]
[
	[-0.3129549864687472  -0.053484224015444094  0.948260836598144]
]
[
	[-0.04958304213715559  -0.1683213798866598  0.9844843498022079]
]
[
	[-0.3245322678031145  -0.3873449647972657  0.8629268134672676]
]
[
	[-0.058095387467438434  -0.9743426412396103  -0.2174427359495553]
]
[
	[-0.0938690684289403  -0.4220682200892498  0.9016911974633973]
]
[
	[0.16632825571745194  -0.3965265616304054  0.9028297720343289]
]
[
	[0.38230355934979304  -0.3917598311358304  0.8368800530642997]
]
[
	[0.4377961285301403  -0.8669773064094193  -0.23808590889653428]
]
[
	[0.6068695919067599  -0.26130090946743806  0.7506204987411499]
]
[
	[0.3453683623529036  -0.15449009924104004  0.9256638177665621]
]
[
	[0.12405633322655508  0.04692286179035503  0.9911651079551707]
]
[
	[0.5391764843862388  0.04679381405942746  0.8408918227992636]
]
[
	[0.816487464233439  -0.17568909053671714  0.5499832399410276]
]
[
	[0.7541465462154311  0.15889504770528332  0.6371933385135727]
]
[
	[0.3333294132432715  0.27914623701648456  0.900538106149003]
]
[
	[0.5053141457094021  0.48062704240756876  0.7166974677313505]
]
[
	[0.8709720940041855  0.29831753440011194  0.3904026897133298]
]
[
	[0.6261434556125406  0.6340581903042721  0.45377812232594233]
]
[
	[0.243983112208365  0.6703689345022169  0.7007693861831313]
]
[
	[0.3257920788133788  0.8382448712174468  0.43727000498559593]
]
[
	[0.4320754933908864  0.793511941540756  -0.4285435411288356]
]
[
	[-0.46117 -0.860079 0.218143 ]
]
[
	[-0.46117 -0.860079 -0.218143 ]
]
[
	[0.46117 -0.860079 -0.218143 ]
]
[
	[-0.390388 -0.919697 0.0418757 ]
]
[
	[-1.32125e-010 -0.980955 0.194234 ]
]
[
	[0.390388 -0.919697 0.0418757 ]
]
[
	[-0.887454 -0.376702 -0.265556 ]
]
[
	[0.887454 -0.376702 -0.265556 ]
]
[
	[-0.951057 -0.309017 4.48966e-011 ]
]
[
	[0.951057 -0.309017 4.48966e-011 ]
]
[
	[3.96045e-011 0.882127 -0.471012 ]
]
[
	[-0.349374 0.823073 0.447759 ]
]
[
	[0.349374 0.823073 0.447759 ]
]
[
	[-0.37559 0.88485 0.27564 ]
]
[
	[0.37559 0.88485 0.27564 ]
]
[
	[-0.87203 0.33729 0.35467 ]
]
[
	[0.87203 0.33729 0.35467 ]
]